-5.354885907020842106e-01 2.078813343786464207e-01 1.464996991864165321e-01 4.662973008879293946e-02 -1.104307721410826004e-01 1.314859905098127724e-01 -1.264628628280628497e-01 -1.301051226718193642e-02 -2.182208978368512242e-01 4.555335418882500154e-01 1.743984407591688823e-01 9.718853191559184701e-02 -1.116590067097829181e-01 2.892374103035301458e-02 -1.622628323859285349e-01 -1.713833519153621643e-01 -4.019520450642935505e-02 -1.575691095419281262e-01 -7.970182828917551920e-03 -8.613304233737396898e-02 -5.300918381037750954e-02
-3.789809048984457435e-03 -7.074921003989653734e-03 3.332373521620776539e-03 -1.346281392490790083e-02 1.714951713505760700e-02 -2.800141027008111374e-03 3.689053077733702585e-02 1.936379496962204946e-02 1.447402082300639804e-02 8.385094554606309716e-03 -8.964460803421158211e-03 -3.928114306480642165e-02 -1.709221011796948145e-02 -5.587283022939209393e-02 2.397166678425709935e-02 1.371805917558545015e-02 -1.753719610651123181e-02 -2.087321033381446533e-03 -2.127212015424101085e-02 -4.197775490896461098e-02 9.063668080833740814e-02
9.262479719270568998e-03 1.053152498501891583e-02 -1.776575707506000690e-03 7.429181399347306938e-03 -1.357891185071157837e-02 2.729453498729017893e-03 -5.525108292669733863e-03 -9.385773234414966854e-04 -1.791430951625873694e-03 6.522474840822243755e-03 1.742873735652250219e-02 -1.007507334116231144e-03 -1.136178243004411920e-02 -1.223861858214628229e-02 8.749951664927244077e-03 7.335008559761557051e-03 -7.293472247342580941e-03 8.118474208657178864e-03 -2.894891112502747527e-02 4.393506597369491694e-03 2.763794357421047246e-02
2.679359923566597412e-03 -5.894875325672163657e-02 5.932031420938168459e-02 -6.211157993595939342e-02 -1.639342657472263320e-02 -1.033644788859325488e-02 3.031968914564342477e-01 3.129887423841525018e-02 -5.596101489354429748e-02 5.306921405696432559e-02 1.230125277620767038e-01 -1.814608547882041178e-01 7.253998982476611568e-02 5.501223163726476351e-02 8.790412503108055442e-02 1.017371279208799106e-01 -3.135013122145717257e-01 6.942315798217403577e-02 -5.045267704481604804e-02 7.992276385219095058e-02 2.002496984707594421e-02
1.917650108707995293e-02 6.043598408194504612e-02 -2.778324976256810533e-02 5.656139952490790018e-02 -4.652765943331815812e-02 7.514949538003218299e-03 -1.283764491949435371e-01 -2.626908085127034609e-02 2.615199117725165723e-02 -5.346508295077126612e-03 1.882731775311379668e-02 8.678755247027740427e-02 -1.564005298066841257e-02 9.046220951279474029e-04 2.929773443018718337e-02 -4.334404957717496315e-02 9.323562946561789189e-02 -2.266472540092116707e-03 -3.343007729857389032e-02 3.208697962297155093e-02 1.835315322641625432e-02
9.838592745841727091e-03 1.019789214712522527e-02 4.527834741073228503e-03 6.085772275163619030e-03 -3.818819538199277885e-02 1.714018385923221643e-03 4.166559425810243550e-02 -4.008246088808796459e-02 -1.544463184287316569e-02 1.287099008839301048e-02 1.147088225095187625e-01 -2.356669039113836600e-02 8.057295616712365979e-03 5.382392700804700114e-02 -2.645054771211869174e-02 5.684070733447494500e-02 -1.610647739813189927e-01 5.938190789632389471e-02 -7.006668629366295808e-02 1.738550107682367285e-01 -7.723663888339443728e-02
1.513430473271739143e-02 1.244942030328122055e-02 3.853548910086025355e-04 1.023313765915517468e-02 -1.689289170080090358e-02 -6.025488146465217409e-03 -6.164789969507089573e-03 2.140248025975208246e-02 -2.367405996532612536e-02 2.575611167800235732e-02 3.579148292464021802e-02 -2.313699062850901184e-02 6.414132252192817751e-04 -3.611810198123864557e-02 4.537261102460680984e-02 3.840083497926790462e-02 -6.024197910332759059e-02 4.384146411519235231e-02 -9.771358353081446846e-02 8.057027286852154468e-02 8.077970763592398629e-02
-2.674116694335285094e-01 -3.278204686047483385e-01 -1.020885216959778463e-01 -3.440376477029192803e-01 3.195612543247703941e-01 6.704328635273658354e-02 -1.882939500516819797e-01 -2.703818848253096707e-01 1.471899762294444636e-01 -8.100948876706379198e-02 -7.630756456664623821e-02 1.350629902742320199e-01 -7.580709074588009092e-03 7.081815528107660018e-02 -6.865715025466971599e-02 1.895943231877566734e-02 -1.137461800815717794e-01 1.518315467105864902e-01 -6.935840208268398421e-02 -1.665566883504403586e-02 -9.704836759673388102e-02
3.354715261423789341e-02 2.848650726800786709e-02 -1.098658394796669588e-02 1.305232772440374778e-02 -3.400402663785014740e-02 4.698717839484783942e-02 -1.185967549060130272e-01 -1.889769284068149036e-02 -3.490703522635874023e-02 7.345279586142894335e-03 2.991978499385711948e-02 8.693533631094288450e-02 -3.227759880454036251e-02 1.641532187255977885e-03 1.911165428731979865e-02 -4.726677119188942705e-02 7.001300226434238605e-02 -9.884144321329049396e-03 -1.228498189289350256e-02 6.945925481136579205e-02 5.959102753585805061e-04
-5.566153826382503125e-03 -1.009254553256721670e-01 4.367360804471262514e-02 -9.482587995934815828e-02 2.395072812946725388e-02 1.914220798254273777e-03 8.297888462673080889e-02 9.978834196965119530e-02 -9.242745897071225070e-02 -2.792175423302212245e-02 -1.774768462189476592e-01 -8.858569145752827334e-02 -8.534347668062612028e-04 -9.922340511987625886e-03 -1.501087213630720174e-01 3.913030251356462708e-02 -9.787651664390523143e-03 -9.828443012704397852e-02 1.269237574629088761e-01 -5.518026605267937340e-02 -5.809153181418298673e-02
1.345530964823585598e-02 -3.343722296081198808e-02 4.246004516950240698e-02 -4.682436227684046853e-02 -6.769497145488828638e-02 5.436326119850767163e-02 1.655934822055264710e-01 -2.950712810684932245e-03 1.832071937706124948e-02 -5.557128118741550687e-02 -5.589548298407365223e-02 -1.813300858695063994e-02 3.974969877996581760e-03 1.145376988642025085e-01 -1.043656047009189902e-01 -5.589834684687870758e-02 -4.469444111080691368e-02 -1.220062324168544737e-01 1.386582698575808681e-01 3.041422763390380646e-02 -1.761813272666794550e-01
-4.167257935039705985e-02 5.389787269049177432e-02 -3.586538215505669785e-02 9.113667844963403708e-02 -2.129073852995689436e-02 -1.082358808004170586e-01 1.329971249790904142e-01 -6.668092016746221540e-02 1.761124122635605027e-01 -8.202342090469931513e-02 4.522873624259900194e-02 -6.657185388967201689e-02 -9.398373608556720438e-03 -1.384826719855449667e-02 -6.775875540019538068e-02 -6.765612510027289861e-02 1.113236750277224879e-01 -2.525340594651991760e-02 4.634181232037397347e-02 -2.246155826859706772e-01 -6.862329049973990569e-02
-9.808496728802976183e-02 -2.183042932069813591e-01 -6.074803420033429019e-02 -2.604154155957980610e-01 2.338432717172407582e-01 -8.986330619147589460e-02 -1.495445536156482791e-01 6.608801639024289298e-02 -1.615333768954202720e-01 2.642194640552526872e-03 -5.309170651719221506e-02 -1.133526979159392989e-01 5.499064246510321219e-02 -1.788498354880089514e-01 1.079468873689909680e-01 -6.763441786190013683e-02 2.048917345061089523e-01 1.925071398555683322e-02 1.880842413117055634e-01 -1.056192924280971446e-01 8.574671456920061885e-02
-9.370108933418253017e-02 2.853929755577461203e-01 1.336694065671615306e-01 2.914375460637071980e-01 5.031985266112866118e-01 7.436934101097608663e-02 1.750595697950499685e-01 1.901962669419909602e-01 -2.454096042194539584e-02 4.601833050057069219e-02 -1.049204864661804626e-01 9.229505526878446775e-02 1.761231706637451100e-01 -1.899632237070181806e-01 -1.135392769388144929e-01 -1.184801513804667472e-02 -4.292173988095828591e-02 -6.581937280014773031e-03 1.657010289081368160e-01 -1.189792912539772013e-01 -1.415596126234313912e-01
2.527087049437531582e-02 4.453769114849009253e-02 -1.161717016150081924e-02 5.642173539748195771e-02 -7.424619555600028842e-02 -5.378267895094889645e-03 -5.133761644318539374e-02 2.866909689924404536e-02 2.804077820894830889e-02 -4.496754050624822419e-02 -5.377822986801530925e-02 3.060149675513196624e-02 1.534751834795131803e-02 1.291838836606273855e-02 -5.573959295808503245e-02 -3.036888562442902062e-02 7.880616822836249147e-02 -2.830254351100471022e-02 -2.576080960620418317e-02 -5.469750180734554018e-02 2.507669061436847147e-02
1.367603884344324207e-02 3.195727805461495707e-02 -1.754975022123305556e-02 3.252740816726098355e-02 6.334023232977649409e-02 -2.719001524770159675e-02 2.036018671308021440e-03 -4.731020298985694206e-02 5.184500125148596567e-02 2.021830202282413197e-02 1.939696407202379583e-02 -1.217316353788539321e-02 3.936781888021011200e-02 -2.978954783049941879e-02 5.705107069882353610e-02 -1.255591875886363784e-02 5.666736829885876681e-02 5.953711453887869376e-02 -7.313684993616849372e-02 -4.708602057085986559e-02 1.375116107346529004e-01
1.508935239579125599e-02 5.054760740577364346e-03 -6.600900880327002090e-03 1.865040208910604194e-02 7.242043262378683455e-02 -7.743031334583080905e-02 2.224974813763289181e-03 -1.181538066574345548e-02 -3.853841423111073472e-02 9.618229933517032093e-02 9.211806835728152121e-02 -6.722681692801227293e-02 6.717263682518681556e-02 -4.941011119306380761e-02 1.637809140770300417e-03 1.584124865367994017e-01 -1.011937908481119752e-02 7.824689644643700870e-02 -1.264136329076838705e-01 -4.943375888742348317e-02 2.232641167293850926e-01
1.577096648624773736e-03 -4.028605878202759505e-02 -1.793743081662779607e-03 -6.716226464780034391e-03 2.065295464756039812e-01 -5.336110443634001742e-03 -4.026681505375469261e-02 -2.496885891233188715e-02 -3.562396624349395413e-02 1.737412261779276157e-01 1.869672426579591928e-01 5.323062116429046198e-02 -7.607487695996628663e-02 -1.084297635629928175e-01 1.821818386789076094e-01 7.645396397272576083e-02 7.087507015496297136e-02 5.978730556634437310e-02 2.921226212668583816e-02 -7.605282044100863947e-02 1.057482986058486119e-02
-3.473774736839534832e-02 8.293863406099220847e-02 -1.252808322003669782e-02 2.057452670716210796e-01 -1.127174423111409612e-01 -2.907003906075477165e-02 1.419391724394543364e-01 6.888723822342193714e-02 1.415687121248265234e-01 -7.858955922224063195e-02 -3.463360868966839506e-02 -5.458953909318696451e-02 -8.388021320344852053e-03 1.749883454874220645e-01 5.888132928217222617e-02 -8.103167436592083328e-02 4.887965868159099836e-02 1.255545068788622431e-01 1.060825078612849248e-01 -3.540722364296482461e-01 -2.443573717658939215e-01
2.320807489787213643e-03 1.065333238763087886e-01 3.490366567569028883e-02 9.460061403434719129e-02 1.992706665538644326e-02 -4.722292752586371156e-03 -1.034059554491586763e-01 1.275176112599188671e-01 -7.609362125893694151e-02 4.948936631077796577e-02 -9.751489461621333510e-03 5.535183793983393385e-02 4.069729517223636545e-02 -8.172436900156934692e-02 3.544077638988692991e-01 -1.254593187938182475e-01 -2.300664677221189724e-02 2.078863995087390157e-02 1.526274145562250550e-01 2.338489967517620727e-03 1.475297323634149338e-01
-2.375214066256732190e-02 1.579181545785413310e-01 -2.440335728239627008e-02 -2.648828524291738443e-02 -3.547988750939719965e-02 1.058300555768314499e-01 4.240573357407824429e-02 -1.580048346188820188e-02 3.955196355248351558e-01 -8.588406485353257402e-02 -2.732248601791656961e-01 2.465055631871914538e-02 -9.625234465231867487e-02 -3.444998407427857789e-01 2.778197766926245038e-02 -8.936453746449764257e-02 -1.742335909669176786e-01 -1.930515769460605102e-01 -3.219304767857901484e-02 -5.081499057294355803e-02 1.203123225589640688e-01
4.636592198023582051e-03 1.676935098329284113e-01 1.662318236164874244e-02 5.732121522968946364e-02 8.312020065260641855e-02 5.301576041410577776e-03 -2.121321914953824828e-01 -1.344626729126489340e-01 -6.081406145746341349e-03 -1.018443487136009434e-01 5.040545560867810970e-03 2.335972831102301472e-01 7.863837461284074737e-02 -2.215504418997552571e-01 6.547094216219528917e-02 1.282764439529126832e-01 -2.896519947764339964e-01 -5.218919215837973524e-02 7.144005735871783447e-02 3.479526194773291392e-01 -6.526922771873851226e-02
-6.593282080352302725e-03 -1.952527009781891976e-01 2.063983265372584253e-01 -4.705152472885024140e-02 2.925653140128709959e-02 -6.007372495115018834e-02 1.700927865992315491e-01 -6.768577070070326551e-02 1.343924407717874414e-01 4.930998982125113228e-01 -3.858480056487953447e-01 -2.095644810216137216e-02 3.846178767285207689e-02 3.508874941452722052e-02 2.363765108081391508e-01 -3.661619287290288072e-01 -1.131797707303384831e-01 -5.780478629005395691e-02 -2.166360003645760868e-01 1.361158488196891891e-01 -1.733825047524002131e-03
3.326619018490831886e-02 1.005513691535085408e-01 -3.279587626480773288e-02 1.072212012862986952e-01 -8.468911735817627462e-02 -7.276404869249127050e-02 -1.940770001067431694e-01 -6.739652685322147785e-02 3.463084226449993086e-02 3.976338410022958042e-02 1.046956916887959756e-02 9.497613865644272124e-02 5.724535719037009401e-04 -2.831589543950105425e-02 7.407794938270735596e-02 -4.346555976696278578e-02 1.118471860979329546e-01 -4.390179245549987374e-04 -3.854893951461395990e-02 4.820224848454995187e-02 6.479517368235239438e-02
1.892360360378097378e-02 1.366406158214244354e-02 1.225014869004422031e-02 2.459126943309374578e-04 -6.690798829416808036e-02 3.529334264833493273e-02 7.608921067441547226e-02 -8.584555038718096054e-02 3.656048274582460872e-02 -2.011587513837952840e-02 1.159353115027272618e-01 3.675469430818288641e-02 1.752647039068339074e-02 9.368910164115981654e-02 -6.389393948049097716e-02 -7.643719226672594791e-02 -3.474356987161369981e-02 -9.288539705349593834e-02 1.142585794895406431e-01 1.362745665549852658e-01 -1.663386964127328282e-01
2.263048946151636348e-02 1.129947421477415018e-02 4.773317670712222752e-03 -4.752714661482527504e-03 -2.340266613229333159e-02 1.760489475156710310e-02 6.267784776949473276e-04 2.131109203813458415e-04 -5.441236171508915392e-02 -7.605524542319637427e-02 1.732674102393668564e-02 1.798607269071948386e-02 -2.295019793454782658e-02 7.469282792445011698e-02 5.752550890225067992e-02 -1.888090553424604245e-01 7.510075878183593290e-03 -8.184448158746208957e-02 6.497011447033483600e-02 1.412615745517894483e-01 -1.206241946462973946e-01
-5.273512348218340612e-03 -9.974602886475172903e-02 3.689246942633368775e-02 -1.712731905456180426e-01 -1.371452713246635105e-02 1.489683921273336209e-01 -5.596379539753614657e-02 4.413989819575284829e-02 -2.101994764867662902e-01 -2.078876643452244599e-02 -8.567094777340336642e-02 -2.641571251640133233e-02 2.360207181697384152e-02 2.434757561396867498e-01 -6.506512224436307446e-02 9.448450925237503184e-02 -1.818160752022764670e-01 -8.130514612102436589e-03 1.639449038851132356e-01 -1.039361979748290588e-01 -1.214991447825392035e-01
6.486086923900474636e-03 -7.070579557988021513e-02 6.739431779298191150e-02 -5.886839549871716176e-02 2.283562112516208942e-02 1.312293288915215017e-01 1.034447105284250629e-01 -1.798494749390450176e-01 3.395153718322718173e-01 2.452015220275282348e-01 1.936731443974689659e-01 6.186115502237853753e-02 -1.513858359180118851e-01 -4.394753570973148477e-02 1.772500298830118892e-01 1.826617064461596995e-01 1.527629656481493681e-01 5.956368130953052648e-02 5.882524679107852261e-01 3.466996741833401618e-02 -2.422107559021871581e-02
1.684876683992878044e-02 2.408886452938631059e-02 -2.369502076065027954e-02 -2.285135534402527729e-02 2.037563326418759951e-02 1.045712089541876166e-01 -2.547307819680582133e-02 -2.215891198622841132e-02 1.063463834886011795e-02 5.436440482366940163e-02 3.838971216798149795e-03 4.880799756938493383e-02 -9.240550312413735312e-02 -7.233098388450411032e-02 3.615748865360899483e-02 9.852020400490234253e-02 -7.988506025290668944e-02 1.154964347493825927e-01 -2.276293552683003318e-01 -1.800845208323021696e-01 -5.763524021501641170e-02
1.629367422253131387e-02 5.868333716188392328e-03 -2.459369635708974836e-02 7.663479081352673680e-03 4.659883393369568250e-02 3.782744942046358666e-02 -1.991823771036516436e-02 6.925402401644516204e-02 -6.556679311761441642e-02 1.379494071332152405e-01 1.872918924581436217e-01 1.367164688334092659e-01 -8.099201343188114355e-02 -9.250865723847341918e-03 -2.427053094222244439e-02 1.488765566802718876e-01 1.586608251035065975e-01 -5.399017304755254071e-02 -1.926031123000402634e-01 -1.382108914698996355e-02 -1.474657707696273024e-01
1.677178389604187803e-02 -2.218401684946115504e-02 4.569890374954305168e-02 -5.556372879897644029e-02 -1.315337172344527572e-01 1.064758496047753938e-01 2.721992371744568970e-02 -3.745592686266960292e-02 -3.230270285562137494e-02 -6.481883528855614252e-02 4.102336354035280436e-02 -9.369808290561519593e-03 4.665232829812428900e-02 1.955718359358622482e-01 2.048596154774636607e-02 -2.253316707058205248e-01 -1.567389871465859133e-02 -1.108889782054895828e-01 7.087736021956664301e-02 2.262215044784829099e-01 1.386353825919196814e-02
2.488677354622565938e-02 8.142816445515441148e-03 -7.124641320680200410e-03 -5.405357137074028040e-02 5.926697803398772724e-03 2.511442719784047206e-01 3.177945164449480497e-02 1.541622457999028938e-02 1.660963763756692080e-01 -2.464403160033100393e-02 1.736405696142295230e-01 -3.943712369439408838e-02 1.954198822459038247e-03 -2.632149487013185282e-02 2.217083643267599435e-01 -1.986909408981082752e-03 -8.674357139027334684e-02 2.069031541776617522e-01 3.275061851376464563e-04 7.475588434843719043e-02 -1.709974579985519549e-01
-5.165818371222040684e-01 4.724025352837766811e-01 -1.394398947157230728e-01 -3.342694593876333609e-01 -7.437387565294660552e-02 -5.157311419650049272e-02 6.249928548539229745e-02 -1.375426864036157111e-02 6.774961915897716180e-02 -1.095403132841964167e-01 -1.183436601586300152e-01 -8.808285103365241786e-02 -1.370718082444998161e-02 1.552778265634674748e-01 1.377868728572487489e-01 7.108728441820695576e-02 -2.307036148564720404e-02 2.101244883942768871e-01 1.362666457865879983e-02 2.246778346747312083e-02 1.106461218924730955e-01
2.840852277268720097e-02 7.217887256921944050e-02 -5.333431604131346621e-02 -1.782891968248397248e-03 1.481948698557805470e-02 1.635356406491502712e-01 -2.619838457743684304e-02 7.252913752478817866e-02 5.690757146063869093e-02 -1.069478784981784808e-01 4.235271405204678319e-02 1.140988812055280105e-01 -1.780567027856986839e-01 -5.104924538830779568e-02 1.577365752720634728e-01 -1.476584280782496372e-01 2.111408457996540311e-01 1.774729678416171394e-02 -1.390075671858099771e-01 1.876219099635259915e-02 1.700632012623344569e-01
1.943128543550907972e-02 -2.674165006427883795e-02 3.453566297323557022e-02 -4.460867899652529861e-02 -8.313904748720132853e-02 -2.106955582064696728e-02 6.663334569741263813e-02 1.204243741648032134e-01 -2.506716412838783103e-01 2.896720911192952885e-02 8.252198329272700250e-02 -2.277624924952755536e-01 -7.637633416047794055e-02 -2.114711378263582353e-01 1.633340080345055748e-02 -1.091492139809427213e-02 -1.808100512626017453e-01 1.424047886904732108e-01 -2.703178210228195620e-04 -6.724756675711174303e-02 2.618894978435455378e-01
1.633557198240283975e-02 -6.390457591057721598e-02 4.119923070231603507e-02 -8.154853460385091957e-02 -4.818606990923814809e-02 1.169078638697722133e-01 1.954171783676440788e-01 1.486188940820321602e-01 4.423983042375594088e-02 1.796948341995479315e-01 -2.589187125353606053e-02 -1.683842067675589693e-01 1.362519809062323096e-02 -1.837587173330091916e-01 -8.523343097269335880e-03 2.975828623810515272e-01 -4.512881054598665009e-02 7.143436251157347927e-02 5.427575981620903073e-02 4.408143547781383925e-02 5.236753601384297463e-02
-1.192619684037787148e-01 -7.422242909799843524e-02 -8.206032639175564469e-02 1.114581055295313650e-01 -2.338689453019529019e-01 -2.874814820316038411e-01 -1.973950028016839275e-01 -1.771181912258536217e-01 2.480193654312000950e-01 -3.108462713715121062e-02 -7.379878418536391094e-02 -2.626555579353726314e-02 1.556700033554561380e-01 -2.284117401913789980e-01 -9.565565192919563142e-02 4.062012506418370694e-02 -1.746551721464980611e-01 3.775290301894216466e-02 -1.762140407296055450e-02 -1.229762472418994140e-01 -1.932222725356361193e-01
-3.336403041247471696e-02 1.067717965932082208e-01 1.821202419231657266e-02 1.731739668168192636e-01 2.801007169537833019e-01 -2.699987981555911354e-01 2.336930370494836456e-02 -1.912614461266005095e-01 8.840905902604699607e-02 8.531166811359738866e-02 4.198238453919279217e-02 -1.430613454907051774e-01 3.509503477679086214e-01 2.770301840746837718e-01 -1.404817093680831019e-01 7.743383493230416095e-03 1.926929424512198730e-01 2.407319783557715642e-01 -1.902152036399415436e-03 2.846041057973928701e-01 1.661277153718334343e-01
1.363306917271736758e-02 9.618878341245218344e-02 7.010155461226082185e-02 1.131342512647243448e-01 2.269838199716156801e-01 1.124325907865273422e-01 1.186690506825375246e-01 -1.547926494969314171e-01 -1.687904701714697808e-01 -1.847888546353955441e-01 -4.972739629162196279e-02 -9.901910638277851284e-02 6.029980693056740532e-02 -1.132890871701338065e-01 -9.010438005098613326e-03 -1.573447116616075447e-01 -1.237146706937534840e-01 2.314224280376124196e-02 4.890523316554432759e-02 7.624504351284330794e-02 -3.433265501241900691e-02
1.312397702958704483e-02 -6.843228784513741281e-02 2.317673318112057484e-02 4.210914292938805481e-02 1.364739123216656136e-01 -1.257785678787123364e-02 -1.795405966674144121e-02 -5.201868496106570872e-02 4.528809638265039739e-02 1.220967914853898911e-01 -9.574407141131943688e-02 6.610825328958916391e-02 -8.803840025773798650e-02 -1.380515785291474284e-01 -1.673927521334101776e-01 1.182388449963389099e-01 -1.101629487252431538e-01 7.687530374304955838e-02 -1.410133469850943511e-01 3.162703072637947782e-02 -1.008408381394529790e-01
-4.244645496694887665e-02 5.547217374571735554e-02 -5.028640147919917480e-02 -2.593922966836276212e-01 -2.197155641656690639e-01 -4.754559487826933578e-03 5.095376123505644672e-02 3.001830678666194130e-01 1.244957292372502744e-01 -2.002687422786907871e-03 -6.103983423498580280e-02 3.648258379560790493e-02 3.518095775801334257e-01 -1.753914602977033332e-01 -2.137850569518604527e-01 -9.676971837390049153e-04 1.061308481897896422e-01 -4.749223685586298482e-02 1.385654037009630968e-01 1.429653146318645984e-01 1.754515441422407340e-01
-6.869088557522277927e-02 1.380499129735230091e-01 3.540421458448600456e-02 -7.426283845952835749e-02 4.484041912454759388e-02 -2.893855852369094928e-01 1.577299483556717785e-01 -9.840873511727779924e-03 -2.020521324953033007e-02 -7.100023234525164317e-02 2.920408019219106199e-02 -2.688971530824925127e-01 -4.888180115228159539e-01 -1.791761127054736502e-01 -3.378569481283946047e-02 1.147592496700010345e-01 2.215111444900188520e-01 -6.190151015033081711e-02 -1.571514308661569881e-01 3.137854635454392915e-01 -2.772098531769197627e-01
-5.284759504207995340e-01 -4.740331303284143205e-01 -1.854107526416587381e-01 4.403540422070108540e-01 -7.182516226324478503e-02 1.622648927138634622e-01 1.676490235466267242e-01 8.539139501474066196e-02 1.670254692836234400e-02 -1.503909721768343366e-01 2.505783090000127458e-02 -5.119176982625728983e-02 5.188401462809547754e-02 -1.005750668318474150e-01 1.337056030492993208e-02 7.337971950033618518e-02 1.353480243693744312e-01 -8.962073607646658946e-02 -5.373037156176210805e-02 1.620033258177290547e-01 8.803128026442993970e-02
4.095833681601850768e-02 -1.590381702955815171e-02 1.208230013621038740e-02 4.058107846164006605e-02 -1.423011194951501190e-01 -3.731667676154334923e-02 -2.998555036898720161e-01 -8.885156610879615946e-02 -1.318439393658386860e-01 1.801406031075662995e-01 -6.791104312355457362e-02 -2.710216518447567877e-02 1.010914167986477208e-01 -1.229602490889044608e-01 -1.121986937839872800e-01 1.541308396215128051e-01 1.091119911450686014e-01 -7.628378928491101607e-02 1.169258664260606900e-01 -2.681976588661806951e-02 -3.975029634028859511e-03
1.901499870864196973e-02 2.740718353746455366e-03 4.612326603205359719e-03 2.701364692016317362e-02 4.911529612904642905e-02 5.787983048123335195e-03 3.572102483888227320e-02 1.128631363360813600e-01 1.330992638743717371e-01 6.239129047320737115e-02 -2.533067062812409120e-01 7.251777410658631629e-02 4.873220508139369800e-02 2.676213391608062153e-01 2.454654592873036500e-01 2.349744775733320634e-01 1.932738968295761306e-01 -5.293597774093047881e-02 -1.917450883331042466e-01 -1.378425912815420262e-01 1.162785923423391779e-02
-3.922928626228413401e-02 -9.857842808654186662e-02 -6.941338771854006946e-03 -1.334443060971726713e-01 2.527333551039597781e-01 -2.473469480906069842e-02 6.113396914015589018e-02 1.632316025433003526e-01 1.313516980333745074e-02 -2.375791887767554900e-01 7.638494939509847537e-02 2.505712223945962269e-01 -1.956089544274695335e-01 -7.864181485454846063e-03 -1.179909249967952684e-01 -2.582051635370529175e-01 1.842336596542044555e-02 -4.726200070382093055e-02 1.700995656289096616e-02 -1.312766362190656046e-02 1.576035905165802109e-01
-1.806875565654250324e-02 3.954561753970989996e-02 -6.200493422589750149e-03 6.777892558856256355e-02 3.015630875626655605e-02 8.270356326842140393e-02 -4.380108531910565685e-03 3.255356909963180723e-01 5.942534579189207716e-02 -4.400051819732845280e-03 -8.957368504596595338e-02 3.554276490617703232e-01 -3.803391575029113625e-02 2.281098459363647968e-01 -2.784155548988401924e-02 3.698880505298907106e-01 -1.618804408583700005e-01 -5.129307859908610601e-02 -7.585460550136620406e-02 1.543426882782948373e-01 3.105603542375916237e-02
1.727469343731525414e-02 -1.382000690048132766e-02 3.680650083453290700e-02 -6.945687051668893858e-03 -2.936963345786276075e-02 3.740303036267456083e-02 1.042988073110013257e-02 1.703019291939781438e-02 6.690989015599743683e-02 5.418382069714211546e-02 -9.538599988995062617e-02 3.660763005150124288e-02 -3.145476734243080746e-02 -3.653756033869016290e-03 3.230678750513289732e-02 3.855591375830928064e-02 1.736446718899917196e-01 -1.706904620547307627e-01 9.374995780326626782e-02 3.082362306186738898e-01 6.250554334797585321e-02
-1.075397070009262990e-01 -5.411174398854117634e-02 -1.366837289608993922e-01 1.070420362900496303e-01 -4.569168128815939700e-02 -2.239708886205925287e-01 -4.941951361218082511e-02 4.080523626017468208e-02 -1.691723955056581852e-01 -1.319791358451843921e-01 8.424371523706276899e-02 1.927283563730661578e-02 1.266510867457887601e-01 -1.249109792983543916e-02 5.350376011049290392e-01 1.968686673686539587e-02 -1.930745418190931151e-01 -1.005178243082762712e-01 6.912260716756966905e-02 7.059165068237485165e-03 -1.289067477716516752e-01
1.164676626983007432e-02 -1.511701090437948293e-02 1.281326515657853771e-01 2.865782145796035851e-01 -1.324551937286870540e-01 2.998115843537433878e-01 -1.951536122983266175e-01 -8.941133906230366857e-02 -4.494049206617559827e-03 -7.449606902373565043e-02 -2.299493562418085668e-01 -1.300605973194189913e-01 -2.922981607011329030e-01 7.895243832984276400e-02 -9.930655539116714503e-02 -3.455348204863419037e-02 -6.143004480362776465e-02 4.596596252266240690e-01 1.150719237860685779e-01 8.496450967363651519e-02 2.021836023781326541e-01
-1.621430350963063427e-01 -9.736428096416185896e-02 8.708976503499242794e-01 -4.548328144461406125e-02 -5.502767606329248690e-02 -1.381242907939261022e-01 -1.134131457763546402e-01 1.690381155072296498e-02 8.502819936165717518e-02 -2.905409754833843117e-01 8.013555884768613913e-02 1.531990333830366910e-02 4.492153343243281832e-02 -1.463640421280779352e-03 8.869606131085483458e-02 1.336968970232182974e-01 5.573963488690830692e-02 -4.931788606229713101e-02 -4.995192190328458931e-02 -6.990794112275271199e-02 5.853560471838875623e-02
2.615285816150252421e-02 1.635379844135523633e-02 1.555615366842382635e-02 -2.744773450420455105e-02 -4.251776875599114908e-02 8.983447556017462587e-02 2.039605701569514040e-01 -2.288953306717056435e-01 1.999718508420659790e-01 3.428440340636299596e-03 4.510814616795414400e-01 1.001467563433139224e-01 1.013139378419196934e-01 9.411903589055506739e-03 -9.436639482157528624e-02 -5.296884413977823169e-02 -1.292893331848277427e-01 -1.363304054967317824e-01 -1.693412052986169869e-01 -1.275307821649695472e-01 2.801549652923546185e-01
1.127219323489460703e-02 1.393697122915716902e-01 -1.325284006699635475e-02 -1.911276962161678056e-02 6.992920880643142822e-02 3.455472047545918302e-01 5.074322913638174698e-02 -4.550907166674363347e-01 -1.759061371298175636e-01 -1.190569431935929595e-01 -1.843987614265861219e-01 -2.025093451690655189e-01 9.265445157071751370e-02 1.415936298264752237e-02 1.039868209196418147e-01 2.463866074321030275e-01 1.239896354171746568e-01 -4.161618133087758298e-01 -6.664940612588959867e-02 -9.040040472405885819e-02 1.032343108713515284e-01
1.601186937303300181e-02 4.278327665649109268e-02 7.669817708035665815e-02 -1.240288762050688331e-01 -2.385360409666795536e-02 4.139553750972058133e-01 -1.376611291213998833e-01 1.636451617074993203e-01 6.595602957391309695e-02 -4.146391556310736332e-02 1.251365955529165908e-01 -1.713814669110664268e-01 3.542489388553292096e-01 -1.731045389098996301e-01 5.604396623659657628e-02 -1.162385648246590797e-01 2.255951122769391803e-01 1.880784711408655663e-01 -2.612627498428173878e-01 8.816137752844641073e-02 -3.536605952355213467e-01
1.585894863920738786e-03 -1.683312936837119689e-02 6.320243767683073055e-02 -7.439016250324501089e-02 -2.490611199089281524e-01 -4.221163600145590167e-02 4.227305693449565638e-01 -2.872371809213819516e-01 -3.322360226375110082e-01 -4.793736968070309162e-02 -1.620964378890122626e-01 5.221842345361854543e-01 1.035897241632083299e-01 -2.132922679670150867e-01 2.872644680963700597e-02 2.809496108399940628e-02 2.112783877569766322e-01 3.298829398559537385e-01 -1.324028809972550326e-02 -1.038555885932501005e-02 -6.258862951742046044e-02